167 46
795 39
171 32
122 58
681 20
453 23
367 27
967 23
432 19
945 22
582 47
110 37
735 27
243 5
335 47
488 20
630 3
204 57
652 31
833 57
32 10
764 20
399 20
670 11
185 7
667 17
196 55
992 30
755 33
9 12
489 45
798 7
146 33
542 0
579 53
242 42
46 15
511 13
47 1
265 7
686 12
306 51
34 1
950 33
612 41
977 37
821 27
692 33
277 29
659 14
780 8
967 34
425 25
374 40
614 4
193 30
117 41
489 14
897 24
349 25
706 41
687 32
925 8
12 25
208 33
727 57
253 6
321 52
259 48
50 44
946 54
92 19
22 17
189 53
788 21
384 1
549 26
970 26
926 41
106 51
33 39
269 14
235 50
103 3
663 52
88 2
544 24
350 50
627 39
983 51
293 35
245 52
764 17
955 16
718 16
719 3
133 40
448 55
151 33
332 0
970 9
172 34
679 37
930 50
775 52
247 55
156 24
685 9
410 55
575 10
748 8
111 47
436 7
411 45
27 43
215 49
660 39
892 23
46 3
764 51
512 13
377 17
190 16
430 19
409 43
258 50
141 57
629 51
94 44
688 14
394 14
634 22
756 17
219 16
818 33
699 57
677 36
836 38
176 8
762 46
823 32
713 35
869 8
405 16
309 33
859 31
623 29
133 4
221 21
137 13
463 10
422 14
910 42
826 25
445 12
484 23
265 58
192 31
476 5
849 47
396 30
3 32
368 32
739 25
256 20
88 55
512 49
795 54
807 58
82 40
533 44
459 30
741 20
163 35
466 43
692 50
372 16
8 41
273 4
524 52
718 21
439 56
523 13
180 49
942 16
168 30
681 49
967 31
547 16
558 5
29 34
192 29
927 46
948 50
255 2
422 11
891 37
998 28
79 59
809 44
