226 7
593 7
586 19
977 21
833 41
704 36
351 33
361 22
87 14
786 20
93 41
888 34
657 57
343 45
686 6
828 40
420 17
455 27
579 45
121 4
223 46
545 11
757 25
131 21
942 34
396 58
898 3
801 1
929 21
99 24
620 40
818 49
3 26
564 38
203 29
683 45
667 21
734 2
498 8
527 49
424 13
317 46
51 11
423 21
833 18
968 26
391 11
486 14
397 25
897 26
779 7
597 20
506 27
823 56
445 43
749 13
673 35
240 19
520 49
531 22
349 46
485 37
43 32
907 29
32 10
970 10
983 13
463 6
247 41
427 47
337 34
999 19
851 12
830 37
200 53
273 12
803 31
522 24
880 52
658 12
878 35
462 36
300 48
259 33
728 57
854 23
604 55
758 33
780 59
631 30
731 26
441 7
212 44
881 58
950 59
595 45
37 46
613 16
599 3
335 4
374 45
621 24
668 0
529 32
906 15
385 21
742 50
583 31
175 9
989 28
790 57
546 30
65 57
531 57
635 21
365 4
209 45
108 26
816 46
575 27
120 47
824 9
753 0
119 2
416 31
505 14
740 54
569 39
272 0
196 13
494 33
612 3
1 59
455 45
54 8
280 42
939 56
634 3
630 20
328 33
512 31
873 54
995 3
509 50
287 21
957 32
154 30
804 42
440 12
495 30
281 57
619 9
415 51
967 59
184 28
34 25
435 40
345 50
238 33
201 57
149 21
585 32
632 39
399 34
606 32
242 34
49 23
331 0
847 18
188 10
794 23
573 46
589 27
968 43
253 57
443 59
536 59
598 37
605 58
879 19
587 43
192 44
454 24
57 38
537 5
5 5
714 57
728 47
815 41
401 29
896 13
676 37
917 41
801 56
369 10
762 19
425 47
289 35
39 42
319 19
969 44
658 11
916 20
498 49
50 45
530 20
296 54
427 1
817 42
101 2
249 49
680 46
420 5
116 34
985 55
986 52
503 1
889 14
235 56
698 32
994 10
40 15
58 39
399 22
654 15
870 2
240 49
834 7
296 56
759 22
486 42
429 53
155 42
744 47
33 24
82 55
509 41
117 39
410 37
521 28
103 54
363 4
648 15
919 49
858 36
9 12
393 26
791 19
730 57
153 16
536 18
812 30
711 28
167 17
978 50
847 56
196 31
305 52
66 14
160 19
392 50
448 1
441 44
857 52
796 59
548 29
265 21
126 6
447 58
180 47
868 37
703 17
589 52
147 17
95 38
965 37
40 0
911 36
721 36
114 32
267 13
538 21
363 57
758 27
896 14
180 31
453 17
711 50
523 56
991 8
670 30
80 33
936 15
573 26
662 35
247 58
851 48
145 13
478 5
658 52
57 55
265 3
647 6
733 47
360 5
998 58
286 31
971 40
827 23
219 56
400 11
42 36
400 11
629 53
622 7
594 46
495 10
967 15
434 33
884 17
642 27
633 49
848 50
218 18
42 1
270 25
249 39
160 54
405 32
499 51
130 49
58 20
98 29
610 3
542 8
613 11
732 25
519 31
738 5
688 21
935 32
289 48
351 42
150 5
398 35
613 15
974 17
143 38
982 20
774 41
829 2
674 32
923 45
41 30
935 43
320 18
660 50
121 50
95 30
859 44
986 40
187 2
122 18
982 41
754 32
529 47
420 59
159 30
872 10
187 42
682 17
440 53
896 14
219 34
596 50
970 56
969 12
559 52
500 26
702 57
510 50
76 48
754 23
108 13
638 34
13 4
478 45
210 46
256 11
819 52
296 59
704 16
704 16
375 43
514 24
447 5
954 19
268 23
540 19
759 48
425 45
640 8
346 40
212 56
20 11
371 26
852 53
363 2
827 15
549 18
564 8
81 31
726 24
467 36
102 5
575 42
30 30
573 35
130 17
844 25
410 8
155 44
626 48
957 7
74 11
586 38
16 59
694 55
505 27
841 57
15 8
619 9
628 44
89 54
407 33
239 31
261 18
134 6
705 25
775 18
398 56
572 11
957 17
17 36
918 35
274 17
744 41
639 49
423 41
589 52
983 57
291 0
787 5
100 40
452 15
238 35
880 15
526 19
215 17
907 17
913 42
9 55
386 30
179 47
74 48
110 36
112 34
346 28
935 49
984 54
828 37
351 30
181 13
650 40
476 44
924 1
151 20
384 57
340 4
297 50
646 55
852 6
537 45
596 10
960 23
815 37
582 5
101 0
434 46
763 10
854 39
671 5
276 55
232 39
7 44
390 10
459 47
85 33
371 40
752 56
967 53
897 41
176 50
990 13
521 29
779 31
878 35
801 33
485 19
584 13
698 36
100 27
425 9
950 4
443 43
762 30
363 3
868 32
151 40
609 16
701 46
117 54
230 21
554 11
943 32
728 16
547 5
498 55
166 23
943 58
636 30
435 20
299 13
188 32
147 19
350 17
117 32
822 41
899 48
605 46
963 56
459 44
147 18
246 15
40 32
590 8
356 21
444 36
114 33
759 38
453 4
91 51
511 48
491 38
435 59
993 8
41 51
581 33
435 48
497 36
400 36
237 39
709 29
896 42
1 14
211 17
334 52
302 16
294 51
513 55
16 3
379 35
173 49
58 39
985 41
122 56
152 27
832 43
469 36
956 32
380 55
140 7
883 41
474 28
547 55
892 24
90 42
772 5
339 9
895 38
515 3
487 35
766 21
186 17
797 15
981 2
925 45
16 1
601 54
437 56
617 32
473 0
973 41
315 16
763 18
585 8
399 34
228 5
784 32
284 27
423 16
540 31
774 42
612 10
822 38
688 51
425 5
484 55
687 35
988 16
895 30
346 33
131 36
87 38
359 1
263 56
941 51
63 52
718 30
99 55
262 17
419 11
310 36
75 22
611 34
526 7
61 48
146 37
11 24
287 36
304 30
447 32
797 41
841 37
192 20
454 45
202 16
760 14
147 35
48 0
868 30
497 37
729 12
101 41
871 44
566 48
398 40
987 38
546 5
769 46
268 53
60 37
381 13
738 14
386 56
801 22
5 49
227 8
704 50
147 48
670 8
656 43
197 32
990 28
561 35
925 52
554 48
817 41
427 50
815 44
898 23
266 6
240 51
405 33
190 30
233 44
773 38
834 44
748 37
235 17
367 6
456 12
656 23
850 53
374 46
127 54
811 7
596 5
170 46
565 17
540 24
799 8
958 19
370 33
975 33
554 47
973 50
757 21
273 23
493 44
399 47
820 13
779 4
366 53
595 21
626 38
439 32
747 37
457 43
410 57
964 53
332 11
31 23
144 59
415 4
539 50
176 55
855 37
901 9
581 5
873 25
374 31
563 57
885 37
150 31
570 45
707 11
662 58
286 45
162 6
832 35
198 1
146 29
883 56
160 58
704 25
626 46
695 41
103 2
559 58
370 33
757 46
767 45
487 48
528 39
876 43
138 28
914 57
789 7
529 12
778 6
249 0
718 33
984 50
483 50
885 39
8 33
752 45
855 22
67 57
840 29
420 47
862 5
869 43
453 59
214 34
774 51
409 27
742 0
443 50
604 39
770 31
328 19
775 1
689 3
620 18
758 17
99 38
160 47
969 51
333 7
994 32
679 52
636 9
651 53
419 19
801 31
165 57
774 59
97 38
225 30
431 54
356 42
74 27
74 56
974 20
575 23
478 50
557 4
123 41
73 37
230 1
368 18
839 6
939 17
414 58
441 23
32 7
709 23
841 45
262 43
829 52
560 30
29 32
172 15
460 14
230 24
534 22
216 19
336 52
143 22
374 26
738 31
314 35
323 14
710 37
918 59
62 14
691 27
722 44
879 39
501 3
476 30
30 31
795 27
5 46
871 40
531 29
228 42
565 40
25 8
718 8
541 13
745 41
136 56
129 32
970 52
286 3
677 18
827 49
813 20
975 49
900 33
351 32
209 47
460 0
23 37
260 52
238 12
452 22
149 12
197 36
757 42
143 20
305 21
796 56
784 8
32 12
758 19
202 15
407 49
785 27
529 39
363 49
994 21
977 54
459 17
573 6
582 12
939 1
831 1
442 20
18 11
106 54
181 33
349 45
988 6
972 36
160 11
254 37
679 10
648 22
159 19
57 35
621 41
290 52
98 40
4 23
439 2
935 38
27 11
441 40
181 48
34 59
141 3
339 38
408 30
48 16
381 12
526 34
662 13
677 31
597 23
931 32
741 11
349 22
35 38
225 58
836 45
185 22
904 20
596 30
674 52
969 52
311 23
126 21
543 47
733 14
5 32
191 11
330 10
344 16
639 45
476 37
127 50
721 22
554 50
803 12
842 51
61 12
716 13
408 24
806 50
933 35
646 51
686 46
59 47
885 27
782 43
463 6
920 51
609 37
587 42
300 15
722 3
565 40
627 46
435 9
173 58
559 8
239 23
54 49
89 32
296 35
528 56
91 54
66 15
805 43
440 32
566 19
497 43
954 13
359 17
613 33
238 20
311 41
582 50
603 27
799 43
762 57
553 6
610 16
706 44
284 18
331 34
117 53
808 21
384 43
886 9
145 10
362 17
819 4
959 55
77 15
4 6
662 21
495 44
399 1
808 35
139 25
352 42
463 20
457 46
23 58
235 44
731 17
47 47
491 56
106 57
377 7
130 2
350 53
126 46
465 42
546 40
976 5
968 23
602 51
728 50
633 12
22 16
14 38
678 22
907 27
71 33
811 32
720 53
603 22
996 36
970 42
925 52
475 31
740 50
361 43
677 8
898 24
540 33
964 36
361 34
998 17
990 2
410 14
428 44
759 32
836 0
732 13
1000 23
96 28
35 42
656 10
378 48
771 25
612 6
361 58
388 25
567 47
498 46
651 50
363 9
285 8
323 29
115 11
217 19
415 39
946 57
662 29
471 56
935 14
836 20
852 20
84 34
333 31
260 14
724 58
682 29
63 10
355 43
27 50
270 19
617 57
328 12
667 57
256 47
80 27
771 0
895 11
559 6
575 4
781 10
154 59
155 56
590 3
518 5
29 47
394 38
364 59
645 5
789 16
468 0
882 29
432 30
799 12
31 17
170 23
557 0
672 7
952 23
542 27
578 15
922 56
153 3
313 17
132 41
369 28
886 20
191 7
230 38
216 52
865 35
274 33
404 22
706 31
743 13
794 37
287 11
97 54
187 10
627 42
653 52
540 27
357 55
16 39
280 46
160 33
537 55
331 56
875 0
320 3
75 2
65 59
194 51
537 52
237 43
555 10
792 49
226 10
677 51
690 44
722 16
505 42
185 25
588 48
424 33
358 57
558 53
304 12
451 53
952 39
254 52
4 35
459 9
762 29
722 4
825 53
378 39
523 8
516 50
682 45
879 3
374 2
393 49
421 13
413 21
387 30
245 17
777 47
30 51
116 18
775 31
809 47
407 58
335 24
6 24
78 31
707 15
530 9
530 47
265 34
540 48
679 44
385 54
104 30
246 46
120 35
357 47
449 57
341 32
13 3
753 2
216 57
87 42
33 33
422 57
92 46
618 8
543 2
981 14
49 4
857 37
665 10
338 45
737 30
673 3
847 5
104 54
40 51
41 12
434 12
851 42
163 1
24 12
844 56
279 22
975 48
284 34
889 40
705 51
376 23
337 34
745 43
175 24
406 44
873 58
107 1
584 35
251 6
309 36
122 39
438 0
362 49
716 52
482 51
302 55
255 39
745 13
852 59
53 42
375 15
476 4
829 24
721 34
975 30
554 0
538 57
845 40
994 5
996 55
109 55
950 25
539 27
400 45
186 10
512 2
511 48
190 27
801 46
531 13
908 57
132 37
862 29
366 40
796 39
613 21
262 16
980 42
94 27
125 44
782 41
458 40
324 8
640 41
411 40
341 56
62 9
726 52
223 14
474 54
775 19
998 49
610 29
783 7
140 25
602 15
446 21
100 6
53 15
488 24
521 54
864 51
85 19
816 50
991 43
247 26
571 0
143 43
989 17
603 10
280 26
542 52
187 18
656 13
791 53
674 57
692 13
708 29
35 28
630 30
842 30
487 59
875 7
649 4
635 16
726 12
155 44
686 43
82 36
884 36
999 47
489 38
346 7
829 39
889 58
898 6
60 13
43 31
587 41
429 47
775 28
172 2
33 42
507 18
45 17
825 26
273 0
782 43
562 29
647 50
895 51
352 30
358 14
433 47
542 56
862 21
953 26
799 28
247 54
829 26
16 36
221 12
777 33
853 35
217 57
6 40
156 34
229 55
600 53
106 28
641 44
901 19
729 24
251 59
108 20
119 54
729 2
642 48
527 45
246 46
729 32
665 38
346 23
190 21
400 12
283 10
834 17
863 31
832 41
955 21
980 22
526 55
297 11
526 47
571 11
434 26
212 11
75 38
88 9
207 20
594 25
913 37
905 42
854 2
836 55
903 36
995 23
813 52
445 53
473 40
446 16
502 14
286 48
724 38
599 27
565 57
629 0
121 42
498 36
392 16
499 51
587 5
209 20
586 55
966 23
417 56
233 52
176 49
808 25
403 44
110 8
129 46
441 5
410 48
570 41
480 14
533 5
112 54
269 38
745 48
723 58
398 14
604 44
479 7
212 53
866 44
978 7
894 0
732 59
805 21
180 4
62 4
144 59
218 27
109 33
25 5
995 35
320 10
981 35
834 41
652 38
916 15
121 57
126 49
699 27
736 49
732 21
107 2
998 10
404 40
965 21
759 23
641 33
547 42
963 35
74 47
992 38
853 28
741 28
552 8
239 20
554 12
917 17
687 54
173 46
598 5
939 44
831 34
577 46
758 29
72 23
282 2
250 34
547 51
820 9
761 8
933 7
132 50
841 8
564 40
502 40
672 34
353 31
929 18
673 6
719 36
189 59
179 56
367 13
410 31
427 21
390 40
27 55
165 40
314 40
682 33
539 52
171 32
51 12
825 3
280 0
78 39
358 53
777 57
981 30
649 40
386 23
352 34
570 43
453 9
991 8
747 22
356 52
132 53
552 30
715 10
41 40
487 36
152 39
347 26
610 45
797 28
193 12
910 48
501 45
111 25
977 57
36 58
484 5
306 30
961 38
717 46
659 28
160 15
137 45
856 16
705 21
462 2
25 19
840 56
885 11
12 53
174 9
553 8
337 0
490 6
263 46
391 52
511 38
194 15
889 9
928 39
691 16
943 30
639 6
249 20
863 5
191 9
53 50
531 48
728 5
330 21
729 51
854 49
613 6
319 36
894 58
393 24
192 21
97 45
125 44
888 32
510 31
354 2
108 49
149 50
87 48
878 26
94 16
929 56
219 37
716 27
854 43
44 36
917 54
942 48
364 12
890 45
313 26
488 27
573 42
261 2
422 43
205 4
33 27
483 32
993 24
284 49
913 26
838 58
778 50
568 3
994 50
524 11
159 31
284 20
836 59
798 29
965 51
916 21
571 51
107 53
631 3
247 58
418 19
352 56
765 17
285 16
721 55
796 39
402 33
484 14
535 8
382 30
331 3
917 6
249 16
757 33
416 9
730 14
432 22
861 21
472 57
903 22
852 46
428 31
423 54
598 52
599 52
325 24
916 59
536 19
485 9
844 58
52 9
202 47
864 47
706 23
53 23
6 24
868 1
270 28
864 14
407 24
658 48
504 1
632 30
841 31
49 42
304 29
922 11
360 42
983 24
136 49
231 38
579 18
204 25
686 14
855 2
580 39
167 32
321 2
889 0
657 32
794 31
978 15
464 14
27 49
644 35
249 34
596 22
391 32
447 17
738 46
872 51
379 51
98 12
678 2
372 22
609 19
795 3
567 35
191 49
479 53
523 58
978 29
555 36
992 34
444 58
37 15
662 0
246 40
287 6
36 1
683 0
695 19
468 48
932 9
987 6
816 12
162 12
58 55
420 34
56 12
943 34
505 53
230 42
150 33
255 6
610 54
879 1
971 4
422 55
547 8
796 28
277 17
697 15
769 21
419 5
472 11
250 32
377 4
677 44
565 58
203 41
887 6
572 47
463 28
345 34
200 26
493 19
682 37
82 59
673 22
353 5
782 4
47 41
427 13
200 41
432 0
476 10
211 42
554 8
304 48
224 54
493 51
499 50
493 51
208 17
890 53
387 26
943 33
919 0
329 10
67 7
925 51
559 19
339 41
721 59
551 21
419 4
667 25
710 0
466 33
333 28
294 3
202 33
304 8
922 6
830 42
101 18
129 11
88 52
691 11
934 43
852 29
696 21
785 15
832 56
816 22
731 8
18 12
163 44
14 9
390 28
876 9
583 5
731 24
949 55
922 5
54 2
197 59
692 25
634 24
926 20
621 53
375 58
372 12
390 37
740 9
413 50
808 21
28 33
974 11
17 52
198 41
981 25
342 7
758 18
659 59
253 40
858 44
608 3
409 4
811 47
261 51
188 7
899 56
448 25
697 38
110 52
576 33
663 10
263 26
231 33
545 24
226 17
897 48
443 36
191 0
593 42
281 1
586 55
713 12
539 12
809 37
121 35
123 26
894 52
525 15
578 36
751 26
129 28
899 58
129 20
842 15
128 46
23 23
449 49
45 32
273 22
790 15
518 19
62 53
168 43
424 47
861 20
307 47
435 54
844 22
725 51
163 7
228 24
721 43
743 24
143 36
428 5
40 3
171 35
192 32
420 16
370 33
834 45
882 5
643 11
635 41
198 31
95 10
458 3
495 3
709 33
703 36
315 56
382 13
45 56
158 46
960 23
944 1
796 37
477 39
273 54
868 40
556 57
624 52
851 37
724 36
333 2
182 16
154 23
167 50
991 40
604 45
714 14
499 6
76 53
86 22
867 36
968 8
927 35
913 48
372 31
168 49
730 24
971 11
461 36
927 19
937 24
558 59
507 10
654 52
257 37
941 14
402 40
342 40
671 11
76 38
222 46
129 3
350 45
260 8
123 17
538 39
91 40
316 4
476 27
935 0
666 29
302 38
500 35
757 34
312 32
141 16
189 48
805 7
304 58
971 22
352 9
846 0
357 59
190 32
610 51
118 44
175 12
160 56
125 21
667 19
81 27
375 47
406 45
628 33
207 7
569 27
779 56
